m1: 0.015315864892917619 
m2: -0.016374877199626707
A: 17.77777777 # approx 1600 * 4 / 360
handle: 00365169