m1: 0.015913663565769724
m2: -0.017212386416242967
A: 42.666666667 # (19.2 * 200) * 4 / 360
handle: 00368583