m1: 0.015913663565769724
m2: -0.017212386416242967
A: 8.888888889 # (4 * 200) * 4 / 360
handle: 00368583