m1: 0.015315864892917619 
m2: -0.016374877199626707
A: 42.666666667 # (19.2 * 200) * 4 / 360
handle: 00365169