m1: 0.015315864892917619 
m2: -0.016374877199626707
A: 17.777778 # 6464 / 360
handle: 00365169